+12012527787
+12022483938
+12058286960
+12088973573
+12107215250
+12133066643
+12134651765
+12146873402
+12149017542
+12149978195
+12197278372
+12199665309
+12402615153
+12405091699
+12405091845
+12532851327
+12533611925
+12533904599
+12543625494
+12564892932
+12566290864
+12672392597
+12696992047
+13034766074
+13042499573
+13109882823
+13147321452
+13173440531
+13177651354
+13178354834
+13185124534
+13204961478
+13347763389
+13362171572
+13366007149
+13468413991
+13477183279
+13526726587
+13527621515
+13608816328
+13885539117
+14032087650
+14049123079
+14072171795
+14072644065
+14082170545
+14095719256
+14108079013
+14122841588
+14157541994
+14232958578
+14302047979
+14324349858
+14345385950
+14345726222
+14485670095
+14699451682
+14752449324
+14753760897
+14804888455
+14806668604
+14849647759
+15027979486
+15037397623
+15122620525
+15184061869
+15204537927
+15304973848
+15345333602
+15402180334
+15612880856
+15619198284
+15642421247
+15748579740
+15855239294
+16028074892
+16029225813
+16035752603
+16089166971
+16089555914
+16154862003
+16182238033
+16187762473
+16233529402
+16234394167
+16312452354
+16363899210
+16467399846
+16573193579
+16677718219
+16812017955
+16816424722
+17022005288
+17043873008
+17048287094
+17048463320
+17135751370
+17136823597
+17142773735
+17157678621
+17162247197
+17192159004
+17192595462
+17194032307
+17247617271
+17327899470
+17328629274
+17405092504
+17472821253
+17542036854
+17572083599
+17632225778
+17742951236
+17759092103
+17856734275
+17857983234
+17863568917
+18002255618
+18003219637
+18008044731
+18017799740
+18038671865
+18042416002
+18102568858
+18137680124
+18138076674
+18138500288
+18155078412
+18157979837
+18163076538
+18169452341
+18172416258
+18262522765
+18283416300
+18283569700
+18285948158
+18286075472
+18286625872
+18287246703
+18327057917
+18332031383
+18334118806
+18334458071
+18334872685
+18334872712
+18335026362
+18335883771
+18339469342
+18339916439
+18444069168
+18444097106
+18444523542
+18444563344
+18444567512
+18444571464
+18444665519
+18445074944
+18445079607
+18445169175
+18446129124
+18447782959
+18449145319
+18502027823
+18552074360
+18552090376
+18552209432
+18552975041
+18552975118
+18553577811
+18553584409
+18553589680
+18556705074
+18556883855
+18557685080
+18558160190
+18558167816
+18558196242
+18582470196
+18623964759
+18629777415
+18663134019
+18664225871
+18665207086
+18665242751
+18667679250
+18668420897
+18669149749
+18669783789
+18669789619
+18722139388
+18772312421
+18773370470
+18773537957
+18774596905
+18774952544
+18775182740
+18775270558
+18775278611
+18776451641
+18778208134
+18883392108
+18884546298
+18884670515
+18885778902
+18885867425
+18885933603
+18887347230
+18887460164
+18887467713
+18889123262
+19013415169
+19015044329
+19018899010
+19045958301
+19048337056
+19084243775
+19143512324
+19169266198
+19169266932
+19169745802
+19175160963
+19175340731
+19185431095
+19199448707
+19282685108
+19459963838
+19459964697
+19513384597
+19525911229
+19548008184
+19548675915
+19704344514
+19709214362
+19802073778
+19802461375
+19803366263
+19809388617
+19897667168
